# A3 Mark Details
## INFO
__Graded By:__ Daniel Persaud (dev.persaud@mail.utoronto.ca)

__remark policy:__ email TA.

## Mark Breakdown
### Grade
Final Grade: 8.5/10

#### Deductions
- fails to test Cfiltering*.java sufficiently

## Automarker
```>>> GOT >>>
Enter the name of input file?


userUserMatrix is:
[1.0000,0.1380,0.2171,0.1285]
[0.1380,1.0000,0.1827,0.1614]
[0.2171,0.1827,1.0000,0.1250]
[0.1285,0.1614,0.1250,1.0000]


The most similar pairs of users from above userUserMatrix are:
User1 and User3
with similarity score of 0.2171


The most similar pairs of users from above userUserMatrix are:
User3 and User4
with similarity score of 0.1250
<<<< EXPECTED <<<
Enter the name of input file?


userUserMatrix is:
[1.0000, 0.1380, 0.2171, 0.1285]
[0.1380, 1.0000, 0.1827, 0.1614]
[0.2171, 0.1827, 1.0000, 0.1250]
[0.1285, 0.1614, 0.1250, 1.0000]


The most similar pairs of users from above userUserMatrix are:
User1 and User3
with similarity score of 0.2171


The most dissimilar pairs of users from above userUserMatrix are:
User3 and User4
with similarity score of 0.1250
```
